51 52 0.212995
51 53 0.382139
51 54 0.0277437
51 55 0.164669
51 57 2.15025
51 56 1.32241
51 58 1.42458
51 59 0.803936
51 60 0.475676
51 48 1.0146
51 49 1.3537
51 62 6.13649
51 61 1.38871
51 46 2.07939
51 63 0.535556
51 64 0.838375
51 65 0.810613
51 47 0.583006
52 51 0.212995
52 53 0.0495291
52 54 0.270747
52 55 0.0108184
52 57 1.65335
52 56 0.813203
52 58 0.972739
52 59 0.206761
52 60 0.727846
52 48 0.648704
52 49 0.832317
52 62 7.80357
52 61 1.91107
52 46 1.52415
52 63 0.212297
52 64 0.399263
52 65 0.594862
52 47 0.58756
53 51 0.382139
53 52 0.0495291
53 54 0.504886
53 55 0.0487575
53 57 1.18239
53 56 0.478335
53 58 0.613643
53 59 0.0837422
53 60 1.15494
53 48 0.372134
53 49 0.491645
53 62 9.07242
53 61 2.57419
53 46 1.05929
53 63 0.0705805
53 64 0.175509
53 65 0.372227
53 47 0.455177
54 51 0.0277437
54 52 0.270747
54 53 0.504886
54 55 0.240218
54 57 2.58318
54 56 1.649
54 58 1.78309
54 59 0.948398
54 60 0.295591
54 48 1.31908
54 49 1.68341
54 62 5.46918
54 61 1.05243
54 46 2.50167
54 63 0.735568
54 64 1.08815
54 65 1.08615
54 47 0.808704
55 51 0.164669
55 52 0.0108184
55 53 0.0487575
55 54 0.240218
55 57 1.50005
55 56 0.728848
55 58 0.86364
55 59 0.245078
55 60 0.784873
55 48 0.554141
55 49 0.748735
55 62 7.85369
55 61 2.00021
55 46 1.39112
55 63 0.167259
55 64 0.348364
55 65 0.480151
55 47 0.449239
57 51 2.15025
57 52 1.65335
57 53 1.18239
57 54 2.58318
57 55 1.50005
57 56 0.169213
57 58 0.101024
57 59 1.19012
57 60 4.40299
57 48 0.242236
57 49 0.165301
57 62 15.3951
57 61 6.85162
57 46 0.0102979
57 63 0.68969
57 64 0.458999
57 65 0.320746
57 47 0.599207
56 51 1.32241
56 52 0.813203
56 53 0.478335
56 54 1.649
56 55 0.728848
56 57 0.169213
56 58 0.0165079
56 59 0.465545
56 60 3.02432
56 48 0.028027
56 49 0.000222778
56 62 13.1198
56 61 5.1357
56 46 0.115837
56 63 0.200158
56 64 0.0753531
56 65 0.110247
56 47 0.361836
58 51 1.42458
58 52 0.972739
58 53 0.613643
58 54 1.78309
58 55 0.86364
58 57 0.101024
58 56 0.0165079
58 59 0.636024
58 60 3.27169
58 48 0.0354672
58 49 0.0168453
58 62 13.4516
58 61 5.4451
58 46 0.0682855
58 63 0.276662
58 64 0.137147
58 65 0.106704
58 47 0.349335
59 51 0.803936
59 52 0.206761
59 53 0.0837422
59 54 0.948398
59 55 0.245078
59 57 1.19012
59 56 0.465545
59 58 0.636024
59 60 1.59114
59 48 0.445127
59 49 0.471149
59 62 10.3849
59 61 3.17524
59 46 1.0266
59 63 0.164623
59 64 0.19917
59 65 0.54519
59 47 0.772995
60 51 0.475676
60 52 0.727846
60 53 1.15494
60 54 0.295591
60 55 0.784873
60 57 4.40299
60 56 3.02432
60 58 3.27169
60 59 1.59114
60 48 2.62861
60 49 3.06536
60 62 3.86008
60 61 0.281742
60 46 4.24387
60 63 1.6728
60 64 2.17542
60 65 2.38164
60 47 2.04276
48 51 1.0146
48 52 0.648704
48 53 0.372134
48 54 1.31908
48 55 0.554141
48 57 0.242236
48 56 0.028027
48 58 0.0354672
48 59 0.445127
48 60 2.62861
48 49 0.0328417
48 62 12.1283
48 61 4.60395
48 46 0.198573
48 63 0.120148
48 64 0.0489054
48 65 0.0349883
48 47 0.212393
49 51 1.3537
49 52 0.832317
49 53 0.491645
49 54 1.68341
49 55 0.748735
49 57 0.165301
49 56 0.000222778
49 58 0.0168453
49 59 0.471149
49 60 3.06536
49 48 0.0328417
49 62 13.2177
49 61 5.19025
49 46 0.110866
49 63 0.210457
49 64 0.0805859
49 65 0.120155
49 47 0.3796
62 51 6.13649
62 52 7.80357
62 53 9.07242
62 54 5.46918
62 55 7.85369
62 57 15.3951
62 56 13.1198
62 58 13.4516
62 59 10.3849
62 60 3.86008
62 48 12.1283
62 49 13.2177
62 61 2.158
62 46 15.2806
62 63 10.2
62 64 11.4227
62 65 11.2963
62 47 10.0236
61 51 1.38871
61 52 1.91107
61 53 2.57419
61 54 1.05243
61 55 2.00021
61 57 6.85162
61 56 5.1357
61 58 5.4451
61 59 3.17524
61 60 0.281742
61 48 4.60395
61 49 5.19025
61 62 2.158
61 46 6.67324
61 63 3.31917
61 64 4.01672
61 65 4.23516
61 47 3.68931
46 51 2.07939
46 52 1.52415
46 53 1.05929
46 54 2.50167
46 55 1.39112
46 57 0.0102979
46 56 0.115837
46 58 0.0682855
46 59 1.0266
46 60 4.24387
46 48 0.198573
46 49 0.110866
46 62 15.2806
46 61 6.67324
46 63 0.604635
46 64 0.376342
46 65 0.302128
46 47 0.610807
63 51 0.535556
63 52 0.212297
63 53 0.0705805
63 54 0.735568
63 55 0.167259
63 57 0.68969
63 56 0.200158
63 58 0.276662
63 59 0.164623
63 60 1.6728
63 48 0.120148
63 49 0.210457
63 62 10.2
63 61 3.31917
63 46 0.604635
63 64 0.0346574
63 65 0.12668
63 47 0.237878
64 51 0.838375
64 52 0.399263
64 53 0.175509
64 54 1.08815
64 55 0.348364
64 57 0.458999
64 56 0.0753531
64 58 0.137147
64 59 0.19917
64 60 2.17542
64 48 0.0489054
64 49 0.0805859
64 62 11.4227
64 61 4.01672
64 46 0.376342
64 63 0.0346574
64 65 0.103018
64 47 0.293656
65 51 0.810613
65 52 0.594862
65 53 0.372227
65 54 1.08615
65 55 0.480151
65 57 0.320746
65 56 0.110247
65 58 0.106704
65 59 0.54519
65 60 2.38164
65 48 0.0349883
65 49 0.120155
65 62 11.2963
65 61 4.23516
65 46 0.302128
65 63 0.12668
65 64 0.103018
65 47 0.0769803
47 51 0.583006
47 52 0.58756
47 53 0.455177
47 54 0.808704
47 55 0.449239
47 57 0.599207
47 56 0.361836
47 58 0.349335
47 59 0.772995
47 60 2.04276
47 48 0.212393
47 49 0.3796
47 62 10.0236
47 61 3.68931
47 46 0.610807
47 63 0.237878
47 64 0.293656
47 65 0.0769803
