0 1 0.212995
0 2 0.382139
0 3 0.0277437
0 4 0.164669
0 5 2.15025
0 6 1.32241
0 7 1.42458
0 8 0.803936
0 9 0.475676
0 10 1.0146
0 11 1.3537
0 12 6.13649
0 13 1.38871
0 14 2.07939
0 15 0.535556
0 16 0.838375
0 17 0.810613
0 18 0.583006
1 0 0.212995
1 2 0.0495291
1 3 0.270747
1 4 0.0108184
1 5 1.65335
1 6 0.813203
1 7 0.972739
1 8 0.206761
1 9 0.727846
1 10 0.648704
1 11 0.832317
1 12 7.80357
1 13 1.91107
1 14 1.52415
1 15 0.212297
1 16 0.399263
1 17 0.594862
1 18 0.58756
2 0 0.382139
2 1 0.0495291
2 3 0.504886
2 4 0.0487575
2 5 1.18239
2 6 0.478335
2 7 0.613643
2 8 0.0837422
2 9 1.15494
2 10 0.372134
2 11 0.491645
2 12 9.07242
2 13 2.57419
2 14 1.05929
2 15 0.0705805
2 16 0.175509
2 17 0.372227
2 18 0.455177
3 0 0.0277437
3 1 0.270747
3 2 0.504886
3 4 0.240218
3 5 2.58318
3 6 1.649
3 7 1.78309
3 8 0.948398
3 9 0.295591
3 10 1.31908
3 11 1.68341
3 12 5.46918
3 13 1.05243
3 14 2.50167
3 15 0.735568
3 16 1.08815
3 17 1.08615
3 18 0.808704
4 0 0.164669
4 1 0.0108184
4 2 0.0487575
4 3 0.240218
4 5 1.50005
4 6 0.728848
4 7 0.86364
4 8 0.245078
4 9 0.784873
4 10 0.554141
4 11 0.748735
4 12 7.85369
4 13 2.00021
4 14 1.39112
4 15 0.167259
4 16 0.348364
4 17 0.480151
4 18 0.449239
5 0 2.15025
5 1 1.65335
5 2 1.18239
5 3 2.58318
5 4 1.50005
5 6 0.169213
5 7 0.101024
5 8 1.19012
5 9 4.40299
5 10 0.242236
5 11 0.165301
5 12 15.3951
5 13 6.85162
5 14 0.0102979
5 15 0.68969
5 16 0.458999
5 17 0.320746
5 18 0.599207
6 0 1.32241
6 1 0.813203
6 2 0.478335
6 3 1.649
6 4 0.728848
6 5 0.169213
6 7 0.0165079
6 8 0.465545
6 9 3.02432
6 10 0.028027
6 11 0.000222778
6 12 13.1198
6 13 5.1357
6 14 0.115837
6 15 0.200158
6 16 0.0753531
6 17 0.110247
6 18 0.361836
7 0 1.42458
7 1 0.972739
7 2 0.613643
7 3 1.78309
7 4 0.86364
7 5 0.101024
7 6 0.0165079
7 8 0.636024
7 9 3.27169
7 10 0.0354672
7 11 0.0168453
7 12 13.4516
7 13 5.4451
7 14 0.0682855
7 15 0.276662
7 16 0.137147
7 17 0.106704
7 18 0.349335
8 0 0.803936
8 1 0.206761
8 2 0.0837422
8 3 0.948398
8 4 0.245078
8 5 1.19012
8 6 0.465545
8 7 0.636024
8 9 1.59114
8 10 0.445127
8 11 0.471149
8 12 10.3849
8 13 3.17524
8 14 1.0266
8 15 0.164623
8 16 0.19917
8 17 0.54519
8 18 0.772995
9 0 0.475676
9 1 0.727846
9 2 1.15494
9 3 0.295591
9 4 0.784873
9 5 4.40299
9 6 3.02432
9 7 3.27169
9 8 1.59114
9 10 2.62861
9 11 3.06536
9 12 3.86008
9 13 0.281742
9 14 4.24387
9 15 1.6728
9 16 2.17542
9 17 2.38164
9 18 2.04276
10 0 1.0146
10 1 0.648704
10 2 0.372134
10 3 1.31908
10 4 0.554141
10 5 0.242236
10 6 0.028027
10 7 0.0354672
10 8 0.445127
10 9 2.62861
10 11 0.0328417
10 12 12.1283
10 13 4.60395
10 14 0.198573
10 15 0.120148
10 16 0.0489054
10 17 0.0349883
10 18 0.212393
11 0 1.3537
11 1 0.832317
11 2 0.491645
11 3 1.68341
11 4 0.748735
11 5 0.165301
11 6 0.000222778
11 7 0.0168453
11 8 0.471149
11 9 3.06536
11 10 0.0328417
11 12 13.2177
11 13 5.19025
11 14 0.110866
11 15 0.210457
11 16 0.0805859
11 17 0.120155
11 18 0.3796
12 0 6.13649
12 1 7.80357
12 2 9.07242
12 3 5.46918
12 4 7.85369
12 5 15.3951
12 6 13.1198
12 7 13.4516
12 8 10.3849
12 9 3.86008
12 10 12.1283
12 11 13.2177
12 13 2.158
12 14 15.2806
12 15 10.2
12 16 11.4227
12 17 11.2963
12 18 10.0236
13 0 1.38871
13 1 1.91107
13 2 2.57419
13 3 1.05243
13 4 2.00021
13 5 6.85162
13 6 5.1357
13 7 5.4451
13 8 3.17524
13 9 0.281742
13 10 4.60395
13 11 5.19025
13 12 2.158
13 14 6.67324
13 15 3.31917
13 16 4.01672
13 17 4.23516
13 18 3.68931
14 0 2.07939
14 1 1.52415
14 2 1.05929
14 3 2.50167
14 4 1.39112
14 5 0.0102979
14 6 0.115837
14 7 0.0682855
14 8 1.0266
14 9 4.24387
14 10 0.198573
14 11 0.110866
14 12 15.2806
14 13 6.67324
14 15 0.604635
14 16 0.376342
14 17 0.302128
14 18 0.610807
15 0 0.535556
15 1 0.212297
15 2 0.0705805
15 3 0.735568
15 4 0.167259
15 5 0.68969
15 6 0.200158
15 7 0.276662
15 8 0.164623
15 9 1.6728
15 10 0.120148
15 11 0.210457
15 12 10.2
15 13 3.31917
15 14 0.604635
15 16 0.0346574
15 17 0.12668
15 18 0.237878
16 0 0.838375
16 1 0.399263
16 2 0.175509
16 3 1.08815
16 4 0.348364
16 5 0.458999
16 6 0.0753531
16 7 0.137147
16 8 0.19917
16 9 2.17542
16 10 0.0489054
16 11 0.0805859
16 12 11.4227
16 13 4.01672
16 14 0.376342
16 15 0.0346574
16 17 0.103018
16 18 0.293656
17 0 0.810613
17 1 0.594862
17 2 0.372227
17 3 1.08615
17 4 0.480151
17 5 0.320746
17 6 0.110247
17 7 0.106704
17 8 0.54519
17 9 2.38164
17 10 0.0349883
17 11 0.120155
17 12 11.2963
17 13 4.23516
17 14 0.302128
17 15 0.12668
17 16 0.103018
17 18 0.0769803
18 0 0.583006
18 1 0.58756
18 2 0.455177
18 3 0.808704
18 4 0.449239
18 5 0.599207
18 6 0.361836
18 7 0.349335
18 8 0.772995
18 9 2.04276
18 10 0.212393
18 11 0.3796
18 12 10.0236
18 13 3.68931
18 14 0.610807
18 15 0.237878
18 16 0.293656
18 17 0.0769803
